image_width: 1024
image_height: 576
camera_name: 0__base_axi_pcie_120000_rp1_i2c_80000_imx296_1a_1024x576
camera_matrix:
  rows: 3
  cols: 3
  data: [732.504207, 0.000000, 486.045297,
           0.000000, 731.438683, 255.853900,
           0.000000, 0.000000, 1.000000    ]
distortion_model: plumb_bob
distortion_coefficients:
  rows: 1
  cols: 5
  data: [-0.088954, -0.024083, 0.000642, -0.000169, 0.000000]
rectification_matrix:
  rows: 3
  cols: 3
  data: [ 0.999731, -0.018050, -0.014577,
          0.017768, 0.999657, -0.019265,
         0.014919, 0.019001, 0.999708]
projection_matrix:
  rows: 3
  cols: 4
  data: [726.464939, 0.000000, 474.340832, -57.166442,
           0.000000, 726.464939, 270.433201, 0.000000    ,
          0.000000, 0.000000, 1.000000, 0.000000    ]
